00000000000000000000101001100110
00000000000000000000000101100100
00000000000000000000100001110100
00000000000000000000011110010110
00000000000000000001000101001111
00000000000000000000010110000110
00000000000000000000110111100100
00000000000000000001000000110111
00000000000000000000111111000010
00000000000000000000010111000010
00000000000000000000100010001101
00000000000000000000110111111010
00000000000000000000010101100000
00000000000000000000001101001010
00000000000000000000011000000010
00000000000000000000100010011111
