00011000
00000010
00011000
00101001
00101101
00001111
00100011
00010011
00010010
00100110
00101100
00100000
00011000
00010111
00010111
00011011
00000110
00101111
00001001
00001010
00101000
00000000
00110000
00000100
00010011
00001101
00110000
00000000
00000001
00001101
00101000
00000110
00101101
00000011
00010110
00000101
00000000
00000101
00010100
00010101
00001011
00001111
00100001
00010101
00000111
00011010
00100100
00011001
00101100
00001111
00010000
00000010
00011010
00001100
00000001
00011111
00000001
00011111
00010011
00011111
00011110
00101001
00011100
00001010
00010111
00101011
00001011
00011011
00011110
00010011
00101011
00000100
00011001
00010001
00001010
00000001
00101010
00001100
00011011
00010000
00000110
00010111
00011001
00011111
00101101
00001010
00100100
00000111
00100100
00000010
00001110
00011111
00100001
00001100
00011011
00010011
00001011
00100111
00100000
00101110
00011001
00010011
00011101
00001101
00011001
00101100
00100111
00011000
00011101
00011101
00010100
00100000
00101111
00011011
00010101
00010110
00011100
00001101
00100001
00000100
00011100
00101000
00011100
00101111
00001110
00000100
00101101
00100010
00010101
00011110
00001101
00101101
00000100
00100011
00100011
00010010
00100010
00010101
00110000
00000010
00001111
00000111
00000001
00001001
00100101
00001001
00000000
00010010
00010100
00001010
00100100
00110000
00000111
00011101
00001010
00000111
00101111
00101000
00011010
00110000
00100001
00010000
00001001
00011000
00110001
00010100
00100101
00101011
00101101
00100100
00000000
00001011
00011000
00011011
00000000
00010010
00101010
00001001
00001101
00110000
00001000
00011111
00100111
00011101
00000100
00101001
00000000
00101111
00000000
00000111
00100111
00000011
00011101
00010011
00001011
00110001
00000010
00010000
00101011
00001001
00000000
00100101
00100011
00010110
00011101
00001011
00011100
00011011
00100110
00001110
00011111
00010100
00010100
00000011
00101100
00001110
00001001
00101110
00010110
00010101
00001110
00001110
00011011
00011011
00011001
00100000
00000100
00001011
00100110
00011001
00000100
00011010
00010001
00100001
00101111
00001111
00000101
00100101
00010010
00001001
00101000
00000110
00001000
00011110
00100000
00000011
00001110
00000001
00100101
00001100
00011111
00100000
00000101
00010100
00010101
00000000
