// memory data file (do not edit the following line - required for mem load use)
// instance=/old_top_tb/C
// format=bin addressradix=h dataradix=b version=1.0 wordsperline=1 noaddress
0011000110111110
0010111001100011
0010111111001100
0010100100001110
0010010100011101
0010110111100101
0011010000000100
0010110011111100
0010110110011101
0011101101001111
0011011101011001
0010101100111000
0011000010011110
0010101001010011
0010110001011011
0010110111010101
0010010101101011
0001101101110011
0010000111011010
0010100110100000
0001110000100100
0001100100010011
0010001001001000
0001110100000010
0010000100001110
0010110101011001
0010111010010100
0001010011000110
0001111010101011
0010000010101010
0010000101100011
0010000000011011
0001010110110100
0001011011011000
0001001110101110
0001101001001010
0001010100100010
0001100011010010
0001110100011001
0001010100111110
0001011111101101
0010000110111100
0010000100001001
0001001100100010
0001101000000000
0001011101000110
0001010101111100
0001011000110010
0010001101010000
0010100101101111
0010011111010010
0010110010000001
0010011110100110
0010010001101101
0011000100000010
0010010000101010
0010011111110010
0011010101011110
0011001110000101
0010000100010011
0010111000110110
0010000010001100
0010100100011111
0010110011100101
0010010001111010
0010100101101000
0010011010110010
0010111001001111
0001111110001110
0010100110000000
0010100011111010
0010101101101111
0010010011001110
0011101000101011
0011100101111110
0001101010110001
0010010101111010
0010100101010110
0010100010010001
0010011100100110
0001011101000100
0001010100000101
0001011111011000
0001100111011001
0001010101011000
0001001101110111
0001100111100101
0001010010111101
0001011000110101
0001110000000001
0001101111011010
0001000000000001
0001100100100000
0001001101100000
0001100001011001
0001011100010011
0011000101000001
0010101101111000
0011000100011100
0011010000000101
0010110010000100
0010110001000100
0011010000001111
0010110001011011
0011000100000001
0011111101000101
0011110010111111
0010011000110011
0011010101011000
0010101100001011
0010111011001010
0010111011111101
0001110100100110
0001100110010110
0001111001000100
0001101011100101
0001100001000110
0001101110010100
0001101110100111
0001110010111110
0001101001101110
0010000001100111
0010001010011101
0001100000010001
0001110101000010
0001111011111001
0001111100010110
0001100100001110
0001100000100101
0001110101111101
0010000101011001
0010001111010100
0001010100011000
0001101110101100
0010000100010001
0001111100100111
0001101110110000
0010101110111011
0010100001010000
0001011101100111
0001101011100101
0001100111010111
0001101011011000
0001111010111001
0010111011000001
0010101101110000
0010100111101011
0010110010101101
0010101000100101
0010101000011100
0011000010010101
0010100101011101
0010101111110100
0011101001101100
0011011101010110
0010010010010011
0011001110010011
0010111011011010
0010111101001010
0010100100101010
0010100110110100
0010010100100011
0010011110101000
0010111100011001
0010000000100010
0010010110010101
0011000011100010
0010100011001101
0010010011000010
0011011101100100
0011101010010110
0010000001100011
0010110100110000
0010010110111101
0010110010000110
0010101001001111
0001111001111110
0010001110010101
0001101110110101
0001111101101100
0001110011101101
0010010001001000
0010010111010000
0010000100011010
0010001101111101
0010110101100000
0010100011010101
0001110001011110
0010010000100100
0001111111001101
0001111010011111
0010010111001011
0001110110000110
0001111000100110
0010000100100011
0001110011101111
0001101110101000
0001110101001101
0010011001011101
0001100101000000
0001111001010100
0010001111011110
0010101001000111
0001011110010001
0001100010000010
0001110101001001
0001111011100011
0001110100100100
0001111011011011
0001111010011011
0001111110100001
0001111100001010
0001100010011010
0001111100110001
0010000101110100
0001111101010011
0001110000101000
0010100001111101
0010110011011111
0001100111100111
0001110010111111
0010001000001110
0010000111001000
0001110110110111
0010110001110110
0010010000001010
0010010100001000
0010011011000110
0010000101111110
0010100000101000
0010100110100001
0010011001110000
0010101100001010
0011010101000101
0011001111000000
0001111101111110
0010100101110100
0010011010110111
0010010111101000
0010101000001000
0001110100110010
0001100011101110
0001111001111101
0001100101011101
0001101011010010
0001111110011011
0010000101110100
0001101000000010
0001111101111100
0010010000001100
0010010111000001
0001100011100100
0001110100001111
0010000001100010
0001110101101101
0001101110010011
