00000011
00100001
00001011
00001100
00001110
00101010
00100101
00101010
00001001
00011100
00100011
00000011
00101010
00010010
00101001
00001000
00101100
00001011
00011010
00110000
00001001
00000011
00000011
00101011
00011001
00101001
00101100
00001101
00100000
00101000
00100101
00010101
00001101
00001000
00100001
00000010
00000001
00100000
00011000
00100000
00101001
00100111
00011001
00100011
00100001
00001011
00000110
00010010
00101100
00101011
00010011
00011001
00001010
00001011
00101110
00011100
00010011
00010010
00101100
00011011
00001001
00101000
00100101
00010000
00101001
00011100
00101011
00011010
00010111
00010100
00100110
00001101
00011101
00101100
00101100
00000001
00001100
00000010
00010101
00001111
00000001
00010101
00001000
00101011
00011110
00101110
00100001
00001101
00011111
00100001
00101100
00000111
00000100
00001011
00000000
00110000
00000010
00001110
00001011
00100000
00010101
00000100
00010011
00001010
00011000
00101001
00101101
00001101
00001111
00101111
00011010
00001111
00100111
00001110
00011110
00001001
00001010
00011011
00011000
00011110
00101100
00011110
00001010
00010010
00010011
00101001
00010011
00011010
00100000
00001000
00100010
00101101
00001100
00000001
00101111
00001100
00000000
00000100
00011001
00010101
00010110
00000001
00011101
00010010
00100101
00000100
00100100
00000101
00010101
00100001
00001110
00001111
00001101
00000000
00011110
00011000
00000001
00101000
00100010
00011000
00000010
00100100
00101110
00011000
00001111
00001010
00001011
00101100
00100010
00101101
00001110
00011110
00100001
00100000
00010110
00001001
00100010
00010111
00001101
00011101
00100101
00011000
00001000
00011010
00100001
00100000
00010000
00010000
00110001
00010011
00011010
00100100
00010010
00101001
00100001
00001011
00101110
00001001
00101111
00001110
00110001
00011101
00010010
00101000
00101111
00000101
00011011
00110000
00101111
00011100
00000101
00101011
00110000
00110000
00101000
00000011
00001010
00101110
00101100
00100000
00101110
00011101
00010001
00001101
00100110
00010100
00010110
00101100
00100100
00101101
00010010
00011010
00010111
00110001
00110000
00000010
00100010
00011110
00100011
00101000
00000111
00110001
00011100
00010111
00000010
00011000
00100010
00011101
00000010
00110000
00101000
00101010
00001010
00000000
00001111
00110000
