00100100000000000010111101000000
00101000000000000001111101000000
01000000000000000000000000010000
01010000000000000000000000000000
00111100000000101101111101000000
00100100000000000011000001000000
00101000000000000001111101000000
01000000000000000000000000010000
01010000000000000000000000000000
00111100000000101110000001000000
00100100000000000011000101000000
00101000000000000001111101000000
01000000000000000000000000010000
01010000000000000000000000000000
00111100000000101110000101000000
00100100000000000011001001000000
00101000000000000001111101000000
01000000000000000000000000010000
01010000000000000000000000000000
00111100000000101110001001000000
00100100000000000011001101000000
00101000000000000001111101000000
01000000000000000000000000010000
01010000000000000000000000000000
00111100000000101110001101000000
00100100000000000011010001000000
00101000000000000001111101000000
01000000000000000000000000010000
01010000000000000000000000000000
00111100000000101110010001000000
00100100000000000011010101000000
00101000000000000001111101000000
01000000000000000000000000010000
01010000000000000000000000000000
00111100000000101110010101000000
00100100000000000011011001000000
00101000000000000001111101000000
01000000000000000000000000010000
01010000000000000000000000000000
00111100000000101110011001000000
00100100000000000011011101000000
00101000000000000001111101000000
01000000000000000000000000010000
01010000000000000000000000000000
00111100000000101110011101000000
00100100000000000011100001000000
00101000000000000001111101000000
01000000000000000000000000010000
01010000000000000000000000000000
00111100000000101110100001000000
00100100000000000011100101000000
00101000000000000001111101000000
01000000000000000000000000010000
01010000000000000000000000000000
00111100000000101110100101000000
00100100000000000011101001000000
00101000000000000001111101000000
01000000000000000000000000010000
01010000000000000000000000000000
00111100000000101110101001000000
00100100000000000011101101000000
00101000000000000001111101000000
01000000000000000000000000010000
01010000000000000000000000000000
00111100000000101110101101000000
00100100000000000011110001000000
00101000000000000001111101000000
01000000000000000000000000010000
01010000000000000000000000000000
00111100000000101110110001000000
00100100000000000011110101000000
00101000000000000001111101000000
01000000000000000000000000010000
01010000000000000000000000000000
00111100000000101110110101000000
00100100000000000011111001000000
00101000000000000001111101000000
01000000000000000000000000010000
01010000000000000000000000000000
00111100000000101110111001000000
00100100000000000011111101000000
00101000000000000001111101000000
01000000000000000000000000010000
01010000000000000000000000000000
00111100000000101110111101000000
00100100000000000100000001000000
00101000000000000001111101000000
01000000000000000000000000010000
01010000000000000000000000000000
00111100000000101111000001000000
00100100000000000100000101000000
00101000000000000001111101000000
01000000000000000000000000010000
01010000000000000000000000000000
00111100000000101111000101000000
00100100000000000100001001000000
00101000000000000001111101000000
01000000000000000000000000010000
01010000000000000000000000000000
00111100000000101111001001000000
00100100000000000100001101000000
00101000000000000001111101000000
01000000000000000000000000010000
01010000000000000000000000000000
00111100000000101111001101000000
00100100000000000100010001000000
00101000000000000001111101000000
01000000000000000000000000010000
01010000000000000000000000000000
00111100000000101111010001000000
00100100000000000100010101000000
00101000000000000001111101000000
01000000000000000000000000010000
01010000000000000000000000000000
00111100000000101111010101000000
00100100000000000100011001000000
00101000000000000001111101000000
01000000000000000000000000010000
01010000000000000000000000000000
00111100000000101111011001000000
00100100000000000100011101000000
00101000000000000001111101000000
01000000000000000000000000010000
01010000000000000000000000000000
00111100000000101111011101000000
00100100000000000100100001000000
00101000000000000001111101000000
01000000000000000000000000010000
01010000000000000000000000000000
00111100000000101111100001000000
00100100000000000100100101000000
00101000000000000001111101000000
01000000000000000000000000010000
01010000000000000000000000000000
00111100000000101111100101000000
00100100000000000100101001000000
00101000000000000001111101000000
01000000000000000000000000010000
01010000000000000000000000000000
00111100000000101111101001000000
00100100000000000100101101000000
00101000000000000001111101000000
01000000000000000000000000010000
01010000000000000000000000000000
00111100000000101111101101000000
00100100000000000100110001000000
00101000000000000001111101000000
01000000000000000000000000010000
01010000000000000000000000000000
00111100000000101111110001000000
00100100000000000100110101000000
00101000000000000001111101000000
01000000000000000000000000010000
01010000000000000000000000000000
00111100000000101111110101000000
00100100000000000100111001000000
00101000000000000001111101000000
01000000000000000000000000010000
01010000000000000000000000000000
00111100000000101111111001000000
00100100000000000100111101000000
00101000000000000001111101000000
01000000000000000000000000010000
01010000000000000000000000000000
00111100000000101111111101000000
00100100000000000101000001000000
00101000000000000001111101000000
01000000000000000000000000010000
01010000000000000000000000000000
00111100000000110000000001000000
00100100000000000101000101000000
00101000000000000001111101000000
01000000000000000000000000010000
01010000000000000000000000000000
00111100000000110000000101000000
00100100000000000101001001000000
00101000000000000001111101000000
01000000000000000000000000010000
01010000000000000000000000000000
00111100000000110000001001000000
00100100000000000101001101000000
00101000000000000001111101000000
01000000000000000000000000010000
01010000000000000000000000000000
00111100000000110000001101000000
00100100000000000101010001000000
00101000000000000001111101000000
01000000000000000000000000010000
01010000000000000000000000000000
00111100000000110000010001000000
00100100000000000101010101000000
00101000000000000001111101000000
01000000000000000000000000010000
01010000000000000000000000000000
00111100000000110000010101000000
00100100000000000101011001000000
00101000000000000001111101000000
01000000000000000000000000010000
01010000000000000000000000000000
00111100000000110000011001000000
00100100000000000101011101000000
00101000000000000001111101000000
01000000000000000000000000010000
01010000000000000000000000000000
00111100000000110000011101000000
00100100000000000101100001000000
00101000000000000001111101000000
01000000000000000000000000010000
01010000000000000000000000000000
00111100000000110000100001000000
00100100000000000101100101000000
00101000000000000001111101000000
01000000000000000000000000010000
01010000000000000000000000000000
00111100000000110000100101000000
