10010000000100011010
10111011111111101101
11110101001110100111
1111100111100001111
10101101011100100111
11100111010000001001
100101110010101110111
10011001010101010100
1001101111011100000
1100101000110001000
10000101101011101010
1000100101101010110
1100100011111000001
10000111100010110110
10110001110010101111
1010110001111100111
10000000000001111110
10101101001100101011
11100010010011110000
1101110110011100101
1101100100101100101
10010101111001000001
11000101011011011010
1011111101111110101
10001011011101001000
10100001010101111010
11011101100000110100
1110110011000000111
1111011101100011000
10100001001010010000
11010100010010010011
1101010110110110001
